# popper
size acc error
1 100 0
2 100 0
3 100 0
4 100 0
5 50 0
6 50 0
size time error
1 0.2103431224822998 0.0009291172027587891
2 0.09814774990081787 0.05897700786590576
3 0.1337568759918213 0.018291234970092773
4 3.156899094581604 0.8781019449234008
5 246.07211899757385 46.060928344726555
6 301.0955364704132 10.892361164093018
# unconstrained
size acc error
1 100 0
2 100 0
3 100 0
4 100 0
5 50 0
6 50 0
size time error
1 0.028032660484313965 0.008274197578430174
2 0.05219471454620361 0.007662892341613769
3 0.45603954792022705 0.1572195291519165
4 30.16637909412384 0.30011022090911865
5 180.23491072654724 0.004334449768066406
6 181.80976045131683 0.07770049571990967
# metagol
size acc error
1 100 0
2 100 0
3 100 0
4 100 0
5 76 0
6 100 0
size time error
1 0.31959104537963867 0.04482746124267578
2 0.3652118444442749 0.013361334800720213
3 0.3249654769897461 0.024158239364624023
4 0.4876135587692261 0.007303118705749511
5 0.740595817565918 0.087890625
6 2.441563129425049 0.04557752609252929
# ilasp
size acc error
1 100 0
2 100 0
3 100 0
4 50 0
5 50 0
6 50 0
size time error
1 0.028433680534362793 0.0017074346542358398
2 1.7123992443084717 0.15563273429870605
3 26.421087503433228 0.14654803276062012
4 180.11114311218262 0.0028955936431884766
5 180.1179642677307 0.0015084743499755857
6 180.11754405498505 0.00036990642547607416
