# popper
size acc error
3 100 0
6 100 0
9 100 0
12 100 0
15 100 0
18 100 0
size time error
3 0.44002676010131836 0.08778929710388182
6 0.3052607774734497 0.1438230276107788
9 0.2154233455657959 0.041625022888183594
12 0.20621395111083984 0.03322100639343262
15 0.16698670387268066 0.0022363662719726562
18 0.19729995727539062 0.03348660469055176
# unconstrained
size acc error
3 100 0
6 100 0
9 100 0
12 100 0
15 100 0
18 100 0
size time error
3 1.7445976734161377 0.030293226242065426
6 1.4553030729293823 0.250651478767395
9 1.4481205940246582 0.22227215766906736
12 1.4353866577148438 0.30091071128845215
15 1.1246881484985352 0.01637744903564453
18 1.3990594148635864 0.3038381338119507
# metagol
size acc error
3 100 0
6 100 0
9 100 0
12 100 0
15 100 0
18 100 0
size time error
3 0.424013614654541 0.02367424964904785
6 0.38916468620300293 0.014225959777832031
9 0.44522392749786377 0.003626942634582519
12 0.41285598278045654 0.048427462577819824
15 0.389668345451355 0.02997362613677978
18 0.35800671577453613 0.0016512870788574219
# ilasp
size acc error
3 89 10
6 100 0
9 100 0
12 75 24
15 100 0
18 100 0
size time error
3 1.3800709247589111 0.02225470542907715
6 1.423789620399475 0.05448067188262939
9 3.2844876050949097 0.08180344104766846
12 7.435901761054993 0.5964576005935669
15 17.56308424472809 2.007620930671692
18 30.652960896492004 2.656304717063904
